{
  "artifact": "oph_overlap_edge_line_lift",
  "charged_declaration_functor_kind": "projective_polar_riesz_common_refinement_to_charged_sector_response",
  "charged_declaration_status": "candidate_only",
  "charged_declaration_unique_mod_objectwise_u1": true,
  "charged_sector_response_operator_name": "C_hat_e^{cand}",
  "cocycle_identity_closed": true,
  "common_refinement_level": 1,
  "common_refinement_overlap_certificate": {
    "all_edge_pairs_nondegenerate": true,
    "common_refinement_invariance_closed_on_current_family": true,
    "left_refinement_level": 1,
    "pair_certificate_by_edge": {
      "12": {
        "common_refinement_level": 1,
        "generator": {
          "imag": [
            [
              0.015142441371907941,
              -0.03163022444892352,
              -0.018035243994871025
            ],
            [
              -0.005710585225175618,
              -0.013353955428878225,
              -0.005839711690113415
            ],
            [
              -0.0036905703197530823,
              -0.00465916889994571,
              -0.0017884859430297162
            ]
          ],
          "real": [
            [
              0.019790869516841753,
              0.010251564489226941,
              0.0022241142044862744
            ],
            [
              0.012632702840179266,
              -0.01280052963397843,
              -0.008252427505474363
            ],
            [
              0.005007626411986056,
              -0.006869266368081925,
              -0.004168833846836077
            ]
          ]
        },
        "left_level": 1,
        "left_projector_index": 0,
        "nondegenerate": true,
        "pair_scalar_trace": {
          "amplitude": 0.002821506036027245,
          "imag": 0.0,
          "phase": 0.0,
          "real": 0.002821506036027245
        },
        "right_level": 0,
        "right_projector_index": 1
      },
      "23": {
        "common_refinement_level": 1,
        "generator": {
          "imag": [
            [
              -0.00046076986999319443,
              0.0022668267072222916,
              -0.005642021409517424
            ],
            [
              0.0020015779565466098,
              -0.012014331030931646,
              0.023425229593394117
            ],
            [
              0.0010644380714997202,
              -0.006354061703675334,
              0.012475100900924838
            ]
          ],
          "real": [
            [
              0.001300213504789022,
              -0.008037337665005986,
              0.01510044540117482
            ],
            [
              -0.00019309501439047105,
              0.0019616633740391623,
              -0.0018585524791094568
            ],
            [
              -0.00019116803050857881,
              0.001577699001638928,
              -0.002022199145928597
            ]
          ]
        },
        "left_level": 1,
        "left_projector_index": 1,
        "nondegenerate": true,
        "pair_scalar_trace": {
          "amplitude": 0.0012396777328995872,
          "imag": -3.469446951953614e-18,
          "phase": -2.7986684441275163e-15,
          "real": 0.0012396777328995872
        },
        "right_level": 0,
        "right_projector_index": 2
      },
      "31": {
        "common_refinement_level": 1,
        "generator": {
          "imag": [
            [
              -0.00014638648408380885,
              5.8539132095486625e-05,
              3.775697340200452e-05
            ],
            [
              0.0012780543684109422,
              -0.0003009893816358995,
              -0.00022459557597471184
            ],
            [
              -0.0024821012366988866,
              0.0006069300186326786,
              0.00044737586571970856
            ]
          ],
          "real": [
            [
              0.00017077129660915538,
              0.0001224539082121212,
              5.1325728813242566e-05
            ],
            [
              -0.001110280776539214,
              -0.0009762392145733726,
              -0.0004237461421606359
            ],
            [
              0.002196819761904093,
              0.0019058405750972994,
              0.0008255498932129542
            ]
          ]
        },
        "left_level": 1,
        "left_projector_index": 2,
        "nondegenerate": true,
        "pair_scalar_trace": {
          "amplitude": 2.0081975248736937e-05,
          "imag": 2.168404344971009e-19,
          "phase": 1.0797764254327479e-14,
          "real": 2.0081975248736937e-05
        },
        "right_level": 0,
        "right_projector_index": 0
      }
    },
    "right_refinement_level": 0,
    "status": "candidate_only",
    "triangle_trace": {
      "012": {
        "amplitude": 8.824766327896538e-19,
        "imag": 8.673617379884035e-19,
        "phase": 1.7561442767905915,
        "real": -1.6263032587282567e-19
      },
      "021": {
        "amplitude": 1.4091810456221947e-18,
        "imag": 1.1943164556285635e-18,
        "phase": 1.011305007865041,
        "real": 7.479300924255472e-19
      }
    }
  },
  "composition_associator_by_label_and_refinement_triple": [],
  "functor_kind": "projective_polar_riesz_common_refinement",
  "gauge_quotient": {
    "kind": "objectwise_u1",
    "strict_after_projectivization": true
  },
  "generated_utc": "2026-03-29T12:28:06Z",
  "intrinsic_generation_branch_generator_artifact": "oph_intrinsic_generation_bundle_branch_generator",
  "line_lift_by_refinement": [
    {
      "edge_line_operators": {
        "12": {
          "hs_norm": 1.1110697347012682e-16,
          "operator": {
            "imag": [
              [
                -1.3877787807814457e-17,
                -5.551115123125783e-17,
                -2.7755575615628914e-17
              ],
              [
                0.0,
                0.0,
                0.0
              ],
              [
                0.0,
                6.938893903907228e-18,
                0.0
              ]
            ],
            "real": [
              [
                5.551115123125783e-17,
                -3.122502256758253e-17,
                -2.42861286636753e-17
              ],
              [
                9.540979117872439e-18,
                -5.551115123125783e-17,
                0.0
              ],
              [
                -6.938893903907228e-18,
                1.3877787807814457e-17,
                1.3877787807814457e-17
              ]
            ]
          },
          "trace_phase": -0.7853981633974483
        },
        "23": {
          "hs_norm": 2.6018389451285203e-17,
          "operator": {
            "imag": [
              [
                -9.75781955236954e-19,
                4.119968255444917e-18,
                -9.540979117872439e-18
              ],
              [
                1.3010426069826053e-18,
                -6.938893903907228e-18,
                1.3877787807814457e-17
              ],
              [
                8.673617379884035e-19,
                -4.336808689942018e-18,
                7.806255641895632e-18
              ]
            ],
            "real": [
              [
                6.505213034913027e-19,
                -6.938893903907228e-18,
                1.0408340855860843e-17
              ],
              [
                -4.675621868843738e-19,
                -2.2768245622195593e-18,
                8.239936510889834e-18
              ],
              [
                5.421010862427522e-20,
                1.6805133673525319e-18,
                -3.469446951953614e-18
              ]
            ]
          },
          "trace_phase": -3.120319267565732
        },
        "31": {
          "hs_norm": 6.717161974268401e-17,
          "operator": {
            "imag": [
              [
                1.0842021724855044e-19,
                2.2768245622195593e-18,
                1.1248597539537109e-18
              ],
              [
                8.023096076392733e-18,
                -1.1492543028346347e-17,
                -6.179952383167375e-18
              ],
              [
                -1.7997756063259374e-17,
                2.0816681711721685e-17,
                1.1275702593849246e-17
              ]
            ],
            "real": [
              [
                4.228388472693467e-18,
                1.0655674476459098e-18,
                3.2356658585114273e-19
              ],
              [
                -2.47198095326695e-17,
                -1.1357017756785659e-17,
                -4.228388472693467e-18
              ],
              [
                4.640385298237959e-17,
                1.962405932198763e-17,
                8.429671891074797e-18
              ]
            ]
          },
          "trace_phase": -0.08314123188844123
        }
      },
      "level": 0,
      "projectors": [
        {
          "imag": [
            [
              0.0,
              0.3821136581499724,
              0.19105682907498625
            ],
            [
              -0.3821136581499724,
              3.6267126411926885e-18,
              0.0221547384831576
            ],
            [
              -0.19105682907498625,
              -0.0221547384831576,
              2.7459596434488386e-19
            ]
          ],
          "real": [
            [
              0.6923413485544352,
              0.1689020905918286,
              0.04430947696631526
            ],
            [
              0.1689020905918286,
              0.25209929222842187,
              0.11625679635208104
            ],
            [
              0.04430947696631526,
              0.11625679635208104,
              0.0555593592171428
            ]
          ]
        },
        {
          "imag": [
            [
              0.0,
              -0.37983307471797145,
              -0.18991653735898575
            ],
            [
              0.37983307471797145,
              -4.90593729436655e-18,
              -0.05568979637577175
            ],
            [
              0.18991653735898575,
              0.055689796375771754,
              8.888183802039393e-19
            ]
          ],
          "real": [
            [
              0.3019184195555016,
              -0.13422674098321408,
              -0.11137959275154333
            ],
            [
              -0.13422674098321408,
              0.5375292533778291,
              0.288444481791288
            ],
            [
              -0.11137959275154333,
              0.288444481791288,
              0.16055232706666897
            ]
          ]
        },
        {
          "imag": [
            [
              0.0,
              -0.0022805834320009173,
              -0.0011402917160004535
            ],
            [
              0.0022805834320009173,
              2.6022811156451464e-19,
              0.033535057892614094
            ],
            [
              0.0011402917160004535,
              -0.033535057892614094,
              -3.5190513151245664e-19
            ]
          ],
          "real": [
            [
              0.005740231890063146,
              -0.03467534960861453,
              0.06707011578522813
            ],
            [
              -0.03467534960861453,
              0.21037145439374869,
              -0.4047012781433692
            ],
            [
              0.06707011578522813,
              -0.4047012781433692,
              0.7838883137161883
            ]
          ]
        }
      ]
    },
    {
      "edge_line_operators": {
        "12": {
          "hs_norm": 1.4164311964421853e-16,
          "operator": {
            "imag": [
              [
                -2.7755575615628914e-17,
                -5.551115123125783e-17,
                -2.7755575615628914e-17
              ],
              [
                -4.163336342344337e-17,
                0.0,
                1.3877787807814457e-17
              ],
              [
                -1.3877787807814457e-17,
                6.938893903907228e-18,
                8.673617379884035e-18
              ]
            ],
            "real": [
              [
                5.551115123125783e-17,
                -5.551115123125783e-17,
                -5.377642775528102e-17
              ],
              [
                6.938893903907228e-18,
                -5.551115123125783e-17,
                -2.7755575615628914e-17
              ],
              [
                -1.734723475976807e-18,
                -1.3877787807814457e-17,
                -6.938893903907228e-18
              ]
            ]
          },
          "trace_phase": -1.9195673303788037
        },
        "23": {
          "hs_norm": 9.68826623010213e-17,
          "operator": {
            "imag": [
              [
                -1.4907779871675686e-19,
                -1.8431436932253575e-18,
                -1.3986208025063007e-17
              ],
              [
                3.916680348103885e-18,
                -3.0140820395097023e-17,
                5.681219383824043e-17
              ],
              [
                2.1141942363467336e-18,
                -1.5585406229479126e-17,
                2.981555974335137e-17
              ]
            ],
            "real": [
              [
                3.042542346537447e-18,
                -2.45029690981724e-17,
                4.423544863740858e-17
              ],
              [
                -7.047314121155779e-19,
                1.2468324983583301e-17,
                -2.6237692574149207e-17
              ],
              [
                -1.5585406229479126e-18,
                1.2739375526704677e-17,
                -1.7997756063259374e-17
              ]
            ]
          },
          "trace_phase": -2.9531207413790255
        },
        "31": {
          "hs_norm": 3.506727940903244e-17,
          "operator": {
            "imag": [
              [
                -1.6263032587282567e-19,
                -8.470329472543003e-19,
                -3.6930636500287495e-19
              ],
              [
                -1.5178830414797062e-18,
                4.824699667560495e-18,
                2.4123498337802474e-18
              ],
              [
                -1.8648277366750676e-17,
                -1.2902005852577503e-17,
                -4.607859233063394e-18
              ]
            ],
            "real": [
              [
                -1.7550522667109103e-18,
                -4.404571325722362e-19,
                -1.4907779871675686e-19
              ],
              [
                1.2441219929271163e-17,
                4.445228907190568e-18,
                1.9786689647860456e-18
              ],
              [
                -2.0816681711721685e-17,
                6.288372600415926e-18,
                2.710505431213761e-18
              ]
            ]
          },
          "trace_phase": 0.010037304063071413
        }
      },
      "level": 1,
      "projectors": [
        {
          "imag": [
            [
              0.0,
              0.35722507281469923,
              0.17475462350921778
            ],
            [
              -0.35722507281469923,
              -1.0743117835643881e-18,
              0.02115993532939276
            ],
            [
              -0.17475462350921778,
              -0.021159935329392764,
              -5.4559259034045815e-19
            ]
          ],
          "real": [
            [
              0.7289562396065167,
              0.1919788230394956,
              0.050736976302276984
            ],
            [
              0.1919788230394956,
              0.2256179619669269,
              0.09900067271779538
            ],
            [
              0.050736976302276984,
              0.09900067271779538,
              0.04542579842655652
            ]
          ]
        },
        {
          "imag": [
            [
              0.0,
              -0.35321711982049214,
              -0.18211149936179805
            ],
            [
              0.35321711982049214,
              7.465416937067342e-18,
              -0.024887449967925985
            ],
            [
              0.18211149936179805,
              0.024887449967925995,
              1.888606889361881e-18
            ]
          ],
          "real": [
            [
              0.267404997439915,
              -0.1648855187383942,
              -0.10385277348419145
            ],
            [
              -0.1648855187383942,
              0.5682375777515369,
              0.3045893625732586
            ],
            [
              -0.10385277348419145,
              0.3045893625732586,
              0.1643574248085485
            ]
          ]
        },
        {
          "imag": [
            [
              0.0,
              -0.004007952994207265,
              0.007356875852580152
            ],
            [
              0.004007952994207265,
              -1.6520883623903342e-18,
              0.0037275146385332553
            ],
            [
              -0.007356875852580152,
              -0.003727514638533257,
              4.146513853264671e-18
            ]
          ],
          "real": [
            [
              0.0036387629535686687,
              -0.027093304301101545,
              0.053115797181914406
            ],
            [
              -0.027093304301101545,
              0.20614446028153638,
              -0.4035900352910539
            ],
            [
              0.053115797181914406,
              -0.4035900352910539,
              0.7902167767648952
            ]
          ]
        }
      ]
    }
  ],
  "line_lift_is_readout_of": "oph_intrinsic_generation_bundle_branch_generator",
  "notes": [
    "This artifact now tracks the projective polar-Riesz common-refinement eigenline transport as a downstream readout of the centered compressed generation-bundle branch generator candidate. Same-label diagonal transport is explicit here; the off-diagonal flavor-edge overlaps are induced downstream after transport and are not the transport maps themselves.",
    "On the charged branch, this same transport layer is the declaration/readout shell beneath the latent operator candidate C_hat_e^{cand}.",
    "The remaining OPH-native blocker is now the persistent simple-spectrum splitting theorem for the centered compressed branch generator on the realized generation bundle, not the downstream projector-overlap algebra on the current family."
  ],
  "object_labels": [
    "f1",
    "f2",
    "f3"
  ],
  "origin_status": "spectral_readout_of_centered_generation_bundle_candidate",
  "presentation_independence_status": "candidate_only",
  "proof_status": "candidate_only",
  "raw_entry_readback_forbidden_as_closed_origin": true,
  "refinement_functoriality_closed": true,
  "refinement_intertwiners": [
    {
      "from_level": 0,
      "intertwiner": {
        "imag": [
          [
            0.0,
            0.0,
            0.0
          ],
          [
            0.0,
            0.0,
            0.0
          ],
          [
            0.0,
            0.0,
            0.0
          ]
        ],
        "real": [
          [
            1.0,
            0.0,
            0.0
          ],
          [
            0.0,
            1.0,
            0.0
          ],
          [
            0.0,
            0.0,
            1.0
          ]
        ]
      },
      "to_level": 1
    }
  ],
  "same_label_overlap_by_label_and_refinement_pair": [
    {
      "chi_diagonal_trace": {
        "amplitude": 0.9971698845725935,
        "imag": 0.0,
        "phase": 0.0,
        "real": 0.9971698845725935
      },
      "common_refinement_level": 1,
      "label": "f1",
      "left_refinement_level": 0,
      "nondegenerate": true,
      "right_refinement_level": 1
    },
    {
      "chi_diagonal_trace": {
        "amplitude": 0.9959502888149427,
        "imag": 1.9081958235744878e-17,
        "phase": 1.9159548875125124e-17,
        "real": 0.9959502888149427
      },
      "common_refinement_level": 1,
      "label": "f2",
      "left_refinement_level": 0,
      "nondegenerate": true,
      "right_refinement_level": 1
    },
    {
      "chi_diagonal_trace": {
        "amplitude": 0.9987517128757214,
        "imag": 3.469446951953614e-18,
        "phase": 3.4737832308331984e-18,
        "real": 0.9987517128757214
      },
      "common_refinement_level": 1,
      "label": "f3",
      "left_refinement_level": 0,
      "nondegenerate": true,
      "right_refinement_level": 1
    }
  ],
  "same_refinement_edge_diagnostic_by_refinement": [
    {
      "edge_line_operators": {
        "12": {
          "hs_norm": 1.1110697347012682e-16,
          "operator": {
            "imag": [
              [
                -1.3877787807814457e-17,
                -5.551115123125783e-17,
                -2.7755575615628914e-17
              ],
              [
                0.0,
                0.0,
                0.0
              ],
              [
                0.0,
                6.938893903907228e-18,
                0.0
              ]
            ],
            "real": [
              [
                5.551115123125783e-17,
                -3.122502256758253e-17,
                -2.42861286636753e-17
              ],
              [
                9.540979117872439e-18,
                -5.551115123125783e-17,
                0.0
              ],
              [
                -6.938893903907228e-18,
                1.3877787807814457e-17,
                1.3877787807814457e-17
              ]
            ]
          },
          "trace_phase": -0.7853981633974483
        },
        "23": {
          "hs_norm": 2.6018389451285203e-17,
          "operator": {
            "imag": [
              [
                -9.75781955236954e-19,
                4.119968255444917e-18,
                -9.540979117872439e-18
              ],
              [
                1.3010426069826053e-18,
                -6.938893903907228e-18,
                1.3877787807814457e-17
              ],
              [
                8.673617379884035e-19,
                -4.336808689942018e-18,
                7.806255641895632e-18
              ]
            ],
            "real": [
              [
                6.505213034913027e-19,
                -6.938893903907228e-18,
                1.0408340855860843e-17
              ],
              [
                -4.675621868843738e-19,
                -2.2768245622195593e-18,
                8.239936510889834e-18
              ],
              [
                5.421010862427522e-20,
                1.6805133673525319e-18,
                -3.469446951953614e-18
              ]
            ]
          },
          "trace_phase": -3.120319267565732
        },
        "31": {
          "hs_norm": 6.717161974268401e-17,
          "operator": {
            "imag": [
              [
                1.0842021724855044e-19,
                2.2768245622195593e-18,
                1.1248597539537109e-18
              ],
              [
                8.023096076392733e-18,
                -1.1492543028346347e-17,
                -6.179952383167375e-18
              ],
              [
                -1.7997756063259374e-17,
                2.0816681711721685e-17,
                1.1275702593849246e-17
              ]
            ],
            "real": [
              [
                4.228388472693467e-18,
                1.0655674476459098e-18,
                3.2356658585114273e-19
              ],
              [
                -2.47198095326695e-17,
                -1.1357017756785659e-17,
                -4.228388472693467e-18
              ],
              [
                4.640385298237959e-17,
                1.962405932198763e-17,
                8.429671891074797e-18
              ]
            ]
          },
          "trace_phase": -0.08314123188844123
        }
      },
      "level": 0,
      "projectors": [
        {
          "imag": [
            [
              0.0,
              0.3821136581499724,
              0.19105682907498625
            ],
            [
              -0.3821136581499724,
              3.6267126411926885e-18,
              0.0221547384831576
            ],
            [
              -0.19105682907498625,
              -0.0221547384831576,
              2.7459596434488386e-19
            ]
          ],
          "real": [
            [
              0.6923413485544352,
              0.1689020905918286,
              0.04430947696631526
            ],
            [
              0.1689020905918286,
              0.25209929222842187,
              0.11625679635208104
            ],
            [
              0.04430947696631526,
              0.11625679635208104,
              0.0555593592171428
            ]
          ]
        },
        {
          "imag": [
            [
              0.0,
              -0.37983307471797145,
              -0.18991653735898575
            ],
            [
              0.37983307471797145,
              -4.90593729436655e-18,
              -0.05568979637577175
            ],
            [
              0.18991653735898575,
              0.055689796375771754,
              8.888183802039393e-19
            ]
          ],
          "real": [
            [
              0.3019184195555016,
              -0.13422674098321408,
              -0.11137959275154333
            ],
            [
              -0.13422674098321408,
              0.5375292533778291,
              0.288444481791288
            ],
            [
              -0.11137959275154333,
              0.288444481791288,
              0.16055232706666897
            ]
          ]
        },
        {
          "imag": [
            [
              0.0,
              -0.0022805834320009173,
              -0.0011402917160004535
            ],
            [
              0.0022805834320009173,
              2.6022811156451464e-19,
              0.033535057892614094
            ],
            [
              0.0011402917160004535,
              -0.033535057892614094,
              -3.5190513151245664e-19
            ]
          ],
          "real": [
            [
              0.005740231890063146,
              -0.03467534960861453,
              0.06707011578522813
            ],
            [
              -0.03467534960861453,
              0.21037145439374869,
              -0.4047012781433692
            ],
            [
              0.06707011578522813,
              -0.4047012781433692,
              0.7838883137161883
            ]
          ]
        }
      ]
    },
    {
      "edge_line_operators": {
        "12": {
          "hs_norm": 1.4164311964421853e-16,
          "operator": {
            "imag": [
              [
                -2.7755575615628914e-17,
                -5.551115123125783e-17,
                -2.7755575615628914e-17
              ],
              [
                -4.163336342344337e-17,
                0.0,
                1.3877787807814457e-17
              ],
              [
                -1.3877787807814457e-17,
                6.938893903907228e-18,
                8.673617379884035e-18
              ]
            ],
            "real": [
              [
                5.551115123125783e-17,
                -5.551115123125783e-17,
                -5.377642775528102e-17
              ],
              [
                6.938893903907228e-18,
                -5.551115123125783e-17,
                -2.7755575615628914e-17
              ],
              [
                -1.734723475976807e-18,
                -1.3877787807814457e-17,
                -6.938893903907228e-18
              ]
            ]
          },
          "trace_phase": -1.9195673303788037
        },
        "23": {
          "hs_norm": 9.68826623010213e-17,
          "operator": {
            "imag": [
              [
                -1.4907779871675686e-19,
                -1.8431436932253575e-18,
                -1.3986208025063007e-17
              ],
              [
                3.916680348103885e-18,
                -3.0140820395097023e-17,
                5.681219383824043e-17
              ],
              [
                2.1141942363467336e-18,
                -1.5585406229479126e-17,
                2.981555974335137e-17
              ]
            ],
            "real": [
              [
                3.042542346537447e-18,
                -2.45029690981724e-17,
                4.423544863740858e-17
              ],
              [
                -7.047314121155779e-19,
                1.2468324983583301e-17,
                -2.6237692574149207e-17
              ],
              [
                -1.5585406229479126e-18,
                1.2739375526704677e-17,
                -1.7997756063259374e-17
              ]
            ]
          },
          "trace_phase": -2.9531207413790255
        },
        "31": {
          "hs_norm": 3.506727940903244e-17,
          "operator": {
            "imag": [
              [
                -1.6263032587282567e-19,
                -8.470329472543003e-19,
                -3.6930636500287495e-19
              ],
              [
                -1.5178830414797062e-18,
                4.824699667560495e-18,
                2.4123498337802474e-18
              ],
              [
                -1.8648277366750676e-17,
                -1.2902005852577503e-17,
                -4.607859233063394e-18
              ]
            ],
            "real": [
              [
                -1.7550522667109103e-18,
                -4.404571325722362e-19,
                -1.4907779871675686e-19
              ],
              [
                1.2441219929271163e-17,
                4.445228907190568e-18,
                1.9786689647860456e-18
              ],
              [
                -2.0816681711721685e-17,
                6.288372600415926e-18,
                2.710505431213761e-18
              ]
            ]
          },
          "trace_phase": 0.010037304063071413
        }
      },
      "level": 1,
      "projectors": [
        {
          "imag": [
            [
              0.0,
              0.35722507281469923,
              0.17475462350921778
            ],
            [
              -0.35722507281469923,
              -1.0743117835643881e-18,
              0.02115993532939276
            ],
            [
              -0.17475462350921778,
              -0.021159935329392764,
              -5.4559259034045815e-19
            ]
          ],
          "real": [
            [
              0.7289562396065167,
              0.1919788230394956,
              0.050736976302276984
            ],
            [
              0.1919788230394956,
              0.2256179619669269,
              0.09900067271779538
            ],
            [
              0.050736976302276984,
              0.09900067271779538,
              0.04542579842655652
            ]
          ]
        },
        {
          "imag": [
            [
              0.0,
              -0.35321711982049214,
              -0.18211149936179805
            ],
            [
              0.35321711982049214,
              7.465416937067342e-18,
              -0.024887449967925985
            ],
            [
              0.18211149936179805,
              0.024887449967925995,
              1.888606889361881e-18
            ]
          ],
          "real": [
            [
              0.267404997439915,
              -0.1648855187383942,
              -0.10385277348419145
            ],
            [
              -0.1648855187383942,
              0.5682375777515369,
              0.3045893625732586
            ],
            [
              -0.10385277348419145,
              0.3045893625732586,
              0.1643574248085485
            ]
          ]
        },
        {
          "imag": [
            [
              0.0,
              -0.004007952994207265,
              0.007356875852580152
            ],
            [
              0.004007952994207265,
              -1.6520883623903342e-18,
              0.0037275146385332553
            ],
            [
              -0.007356875852580152,
              -0.003727514638533257,
              4.146513853264671e-18
            ]
          ],
          "real": [
            [
              0.0036387629535686687,
              -0.027093304301101545,
              0.053115797181914406
            ],
            [
              -0.027093304301101545,
              0.20614446028153638,
              -0.4035900352910539
            ],
            [
              0.053115797181914406,
              -0.4035900352910539,
              0.7902167767648952
            ]
          ]
        }
      ]
    }
  ],
  "same_refinement_zero_diagnostic": {
    "same_refinement_edge_ops_vanish": true,
    "status": "closed"
  },
  "schur_diagonal_pairing_certificate": {
    "exact_markov_required": false,
    "same_label_only": true
  },
  "transport_group": "objectwise_u1",
  "transport_partial_isometry_by_label_and_refinement_pair": [
    {
      "final_projection_check": {
        "imag": [
          [
            0.0,
            0.3572250728146991,
            0.17475462350921772
          ],
          [
            -0.3572250728146991,
            0.0,
            0.02115993532939276
          ],
          [
            -0.17475462350921772,
            -0.02115993532939276,
            0.0
          ]
        ],
        "real": [
          [
            0.7289562396065166,
            0.19197882303949554,
            0.05073697630227697
          ],
          [
            0.19197882303949554,
            0.2256179619669268,
            0.09900067271779536
          ],
          [
            0.05073697630227697,
            0.09900067271779536,
            0.045425798426556516
          ]
        ]
      },
      "initial_projection_check": {
        "imag": [
          [
            0.0,
            0.3821136581499724,
            0.19105682907498622
          ],
          [
            -0.3821136581499724,
            0.0,
            0.022154738483157584
          ],
          [
            -0.19105682907498622,
            -0.022154738483157584,
            0.0
          ]
        ],
        "real": [
          [
            0.6923413485544352,
            0.16890209059182856,
            0.04430947696631526
          ],
          [
            0.16890209059182856,
            0.25209929222842187,
            0.11625679635208101
          ],
          [
            0.04430947696631526,
            0.11625679635208101,
            0.05555935921714278
          ]
        ]
      },
      "label": "f1",
      "source_projector": {
        "imag": [
          [
            0.0,
            0.3821136581499724,
            0.19105682907498625
          ],
          [
            -0.3821136581499724,
            3.6267126411926885e-18,
            0.0221547384831576
          ],
          [
            -0.19105682907498625,
            -0.0221547384831576,
            2.7459596434488386e-19
          ]
        ],
        "real": [
          [
            0.6923413485544352,
            0.1689020905918286,
            0.04430947696631526
          ],
          [
            0.1689020905918286,
            0.25209929222842187,
            0.11625679635208104
          ],
          [
            0.04430947696631526,
            0.11625679635208104,
            0.0555593592171428
          ]
        ]
      },
      "target_projector": {
        "imag": [
          [
            0.0,
            0.35722507281469923,
            0.17475462350921778
          ],
          [
            -0.35722507281469923,
            -1.0743117835643881e-18,
            0.02115993532939276
          ],
          [
            -0.17475462350921778,
            -0.021159935329392764,
            -5.4559259034045815e-19
          ]
        ],
        "real": [
          [
            0.7289562396065167,
            0.1919788230394956,
            0.050736976302276984
          ],
          [
            0.1919788230394956,
            0.2256179619669269,
            0.09900067271779538
          ],
          [
            0.050736976302276984,
            0.09900067271779538,
            0.04542579842655652
          ]
        ]
      },
      "transport_map": {
        "imag": [
          [
            -0.014993259953348213,
            0.3883425881380152,
            0.19504059498561097
          ],
          [
            -0.3520090284000833,
            0.01330716477552514,
            0.02706287109435314
          ],
          [
            -0.1713148193566392,
            -0.016493286526345283,
            0.0016860951778230719
          ]
        ],
        "real": [
          [
            0.7102547065119084,
            0.18154720132396046,
            0.049593425749134584
          ],
          [
            0.17970611556403623,
            0.23811981835101062,
            0.1086406480231528
          ],
          [
            0.04584093378854927,
            0.10573449357615393,
            0.050209414809952675
          ]
        ]
      }
    },
    {
      "final_projection_check": {
        "imag": [
          [
            0.0,
            -0.353217119820492,
            -0.18211149936179796
          ],
          [
            0.353217119820492,
            0.0,
            -0.02488744996792597
          ],
          [
            0.18211149936179796,
            0.02488744996792597,
            0.0
          ]
        ],
        "real": [
          [
            0.2674049974399149,
            -0.16488551873839416,
            -0.10385277348419139
          ],
          [
            -0.16488551873839416,
            0.5682375777515367,
            0.30458936257325847
          ],
          [
            -0.10385277348419139,
            0.30458936257325847,
            0.16435742480854845
          ]
        ]
      },
      "initial_projection_check": {
        "imag": [
          [
            0.0,
            -0.3798330747179716,
            -0.18991653735898584
          ],
          [
            0.3798330747179716,
            0.0,
            -0.055689796375771775
          ],
          [
            0.18991653735898584,
            0.055689796375771775,
            0.0
          ]
        ],
        "real": [
          [
            0.3019184195555017,
            -0.13422674098321413,
            -0.11137959275154337
          ],
          [
            -0.13422674098321413,
            0.5375292533778293,
            0.2884444817912881
          ],
          [
            -0.11137959275154337,
            0.2884444817912881,
            0.16055232706666905
          ]
        ]
      },
      "label": "f2",
      "source_projector": {
        "imag": [
          [
            0.0,
            -0.37983307471797145,
            -0.18991653735898575
          ],
          [
            0.37983307471797145,
            -4.90593729436655e-18,
            -0.05568979637577175
          ],
          [
            0.18991653735898575,
            0.055689796375771754,
            8.888183802039393e-19
          ]
        ],
        "real": [
          [
            0.3019184195555016,
            -0.13422674098321408,
            -0.11137959275154333
          ],
          [
            -0.13422674098321408,
            0.5375292533778291,
            0.288444481791288
          ],
          [
            -0.11137959275154333,
            0.288444481791288,
            0.16055232706666897
          ]
        ]
      },
      "target_projector": {
        "imag": [
          [
            0.0,
            -0.35321711982049214,
            -0.18211149936179805
          ],
          [
            0.35321711982049214,
            7.465416937067342e-18,
            -0.024887449967925985
          ],
          [
            0.18211149936179805,
            0.024887449967925995,
