{
  "C_nu_hat_real": [
    [
      0.7536262993453804,
      0.12318685032730972,
      0.12318685032730972
    ],
    [
      0.12318685032730972,
      0.7536262993453804,
      0.12318685032730972
    ],
    [
      0.12318685032730972,
      0.12318685032730972,
      0.7536262993453804
    ]
  ],
  "Delta_nu": [
    [
      0.4202929660120471,
      -0.2101464830060236,
      -0.2101464830060236
    ],
    [
      -0.2101464830060236,
      0.4202929660120471,
      -0.2101464830060236
    ],
    [
      -0.2101464830060236,
      -0.2101464830060236,
      0.4202929660120471
    ]
  ],
  "U_nu_imag": [
    [
      0.018995692001643888,
      3.852985317739418e-18,
      0.016986839847109463
    ],
    [
      -0.009497846000821956,
      0.005404539127809647,
      0.016986839847109445
    ],
    [
      -0.009497846000821958,
      -0.00540453912780965,
      0.016986839847109445
    ]
  ],
  "U_nu_real": [
    [
      0.8162755848070217,
      2.73588714401983e-17,
      -0.5771003210927387
    ],
    [
      -0.4081377924035109,
      0.7070861269723906,
      -0.5771003210927386
    ],
    [
      -0.40813779240351067,
      -0.7070861269723908,
      -0.5771003210927385
    ]
  ],
  "ambient_metric_kind": "hilbert_schmidt_frobenius",
  "certification_status": "selector_law_closed_standard_math",
  "collective_mode_overlap_by_eigenvector": [
    1.1468527641924306e-33,
    1.3925091454706589e-32,
    1.0
  ],
  "eigenvalues_raw_gev": null,
  "envelope_used": null,
  "inputs": {
    "capacity_artifact": "code/particles/runs/neutrino/capacity_sector.json",
    "envelope_artifact": "code/particles/runs/neutrino/majorana_phase_envelope.json",
    "family_artifact": "code/particles/runs/neutrino/family_response_tensor.json",
    "lift_artifact": "code/particles/runs/neutrino/majorana_holonomy_lift.json",
    "pullback_metric_artifact": "code/particles/runs/neutrino/majorana_phase_pullback_metric.json"
  },
  "invariants": {
    "det_abs": 2.5659076027543377e-35,
    "principal_minors": [
      3.021233930583966e-12,
      8.891094715018213e-24,
      2.5659076027543377e-35
    ],
    "trace_h": 2.8846874158082185e-23,
    "trace_real": 9.063701791751898e-12
  },
  "law_closure_scope": "standard_math_fixed",
  "m_star_capacity_gev": 3.021233930583966e-12,
  "majorana_matrix_imag": [
    [
      0.0,
      -5.889728086962775e-14,
      -5.889728086962775e-14
    ],
    [
      -5.889728086962775e-14,
      0.0,
      -5.889728086962775e-14
    ],
    [
      -5.889728086962775e-14,
      -5.889728086962775e-14,
      0.0
    ]
  ],
  "majorana_matrix_real": [
    [
      3.021233930583966e-12,
      4.903225859886619e-13,
      4.903225859886619e-13
    ],
    [
      4.903225859886619e-13,
      3.021233930583966e-12,
      4.903225859886619e-13
    ],
    [
      4.903225859886619e-13,
      4.903225859886619e-13,
      3.021233930583966e-12
    ]
  ],
  "majorana_mode": "canonical_selector",
  "masses_sorted_gev": [
    2.5315965563049426e-12,
    2.5315965563049446e-12,
    4.003612357645542e-12
  ],
  "notes": [
    "The real-seed branch is a surrogate when the Majorana selector is not theorem-closed.",
    "Canonical-selector output may close as a selector point or, under the pullback-distortion route, as a selector law with explicit scope.",
    "Residual-envelope mode carries certification metadata rather than claiming a unique complex Majorana matrix."
  ],
  "phase_mode": "canonical_selector",
  "phase_status": "residual_affine_plane",
  "rank_proxy": 3,
  "selector_closure_reason": "s3_fixed_point",
  "selector_law_certified": true,
  "selector_law_status": "candidate_only",
  "selector_point_certified": true,
  "selector_used": "principal_equal_split",
  "singular_values_raw_gev": [
    2.5315965563049426e-12,
    2.5315965563049446e-12,
    4.003612357645542e-12
  ],
  "status": "blind_forward_matrix",
  "u_nu_left_imag": [
    [
      0.018995692001643888,
      3.852985317739418e-18,
      0.016986839847109463
    ],
    [
      -0.009497846000821956,
      0.005404539127809647,
      0.016986839847109445
    ],
    [
      -0.009497846000821958,
      -0.00540453912780965,
      0.016986839847109445
    ]
  ],
  "u_nu_left_real": [
    [
      0.8162755848070217,
      2.73588714401983e-17,
      -0.5771003210927387
    ],
    [
      -0.4081377924035109,
      0.7070861269723906,
      -0.5771003210927386
    ],
    [
      -0.40813779240351067,
      -0.7070861269723908,
      -0.5771003210927385
    ]
  ]
}
